Arsenal v Monaco_Scorecast_1424893500000_A Martial 3 - 3